76134595212357632
79745742071144448
83700082016256000
84875442632282112
92486336971292672
93513614622724096
96388510767910912
101068654816301056
102242843703136256
103486732694982656
105179416274931712
105189507095109632
107933206287798272
108805934297387008
109432261648121856
112841952625512448
113066707773329408
113161621974589440
113293865951215616
114053004037980160
114202802925993993
115907536967827462
117868278432399363
118011507597508611
121935423269371907
122698796479021057
124312300764004352
126472703589744640
127190553191251969
128349372609069056
128978984657616896
130150131256393728
130500035589701633
130711441048076288
130872756806877184
131231443694125056
132771342851244032
132931188062027776
133589915295285248
133709016114266112
134081945318457344
134103395551150080
134534471704772608
135930750007508992
135959743754665984
137002283266342912
137002489093292032
137285317832081408
137299123723304960
138026754206859264
139159089434460160
139420334896971776
139818262920822785
139924797114023937
140207841926447104
140253207883546624
140262947850158080
140319268825858048
140639999002411008
140923474079252490
141320031349768192
141321967662792704
141697759710281729
143139749215862785
144326632226816001
144638184800649217
145645983416582147
149442672069705728
149729035214127104
150504494575124480
151316430648770562
153025053141893120
153192669269590016
153259153878548480
153462068681375744
154035968695861250
154333413380325377
154411879593148417
155149108183695360
159985870458322944
160693084743532546
161714702244773889
162315614155833345
162343843835019264
163688987792244736
164831785048473600
165386964030324738
165999216487956480
166694813364781057
167036042661199872
167323948537741312
168474515519569920
169236153982124032
170130586248151040
170305179478917120
170519864065261568
170583840153272320
171451590161596417
173949590700032001
175849740603359232
176126983241990144
177491973253365760
177858693772214273
178831757217366016
180787453819355137
180815059554009088
183017627432517632
183022836040859649
183067309877755904
183667045680807936
184446503052509184
185825927295533056
187216283169718273
187341305276399616
190351541058666498
193766078369890304
195712090529333248
196772964337844228
198926547141394432
199617647405432835
200401887214829568
200418213677367296
201384275373719552
201549792973684738
202604990752096256
203166280193146881
204793453060554763
206288932608933888
206593172665532417
207190236424437761
207667077534711809
208776418732146688
208979279038382081
210201828502142977
212047356693184513
214075242123886592
214119580736421889
215734487751852032
215755772565520385
216368348550660096
216631253783412736
216697434062061568
216784403756613632
217284552178008064
218433925368774656
220019283353272330
220540558496628737
221378850079244288
224641439751995415
224719356527902720
226876211580764161
227931189053227009
228925118829690880
229082250405347328
229407624066629633
231864186924302336
232258935166337034
233754300029992960
233757484127485953
233987928051679233
234003156412006400
234114087947075584
238566897325572096
238736216483299329
239565424252026890
240234730803429376
241357765535203329
242112453008162827
243014355006914560
245070261915746304
247677900172558336
249714062601093120
250482111889276928
250833212257992704
253408456273428480
254419001554239489
256552834139553793
256886925493927936
258042819069870080
259050052616585217
264645982443143168
265645527461396483
266470963665698817
267134334232821771
268460166687490053
269233359866036226
270732043397103616
271170459003781130
271798105903464459
272742088406204416
274617684736475137
276152582676938756
277100117134278656
277419803294302208
281269861777145856
282393028298276865
283548660413890572
285210661674418178
285299994238386177
285420935136280586
285864810313285635
288466748754100224
289627885931593728
289917169309974529
290275132700753920
292484266061856779
293192958801346560
293425558467903489
293461829554929664
294290814048272386
294607437372194816
295155537451024386
295791989516140545
296449405144268801
296462718385520640
296823286124380180
297153014592962560
297459078710689793
298212587752128512
298547325024862219
300112143854862336
301109212866674690
301123203055616001
302303273472229376
303712865133658142
303715658603167745
304178921384181761
306197865997533193
306852691328630785
306888104722038785
308326240916471808
308782597536874498
309513247902400513
310388106325000192
311305559913791489
311694564698226688
312010284393037824
312605772842532874
313923469555269635
314503849459056652
314956005559500810
315127585203945474
315992698052149258
316783156898562048
317043125153693706
318095994413776897
318468275505987594
318513642356080651
318852773934399509
318853340148793344
322841766695010307
327652058263977996
327656588116623360
328921891253518337
329045459920355329
329524650545643520
331173997028835342
331796905535209472
331999721012854784
332946224330178582
333054749886644235
334506873405571083
334515835219476481
334518119160872960
334936578973499402
335224433897635840
335225036061409281
335403231138021378
335843277347618819
335853068258377728
336354607976677386
336582307538272258
337334468656496641
337669841542447105
338213659954118656
339942778576568322
342381326063763456
345018564606165014
345044275882622976
345742752274710529
347081936419815425
347524718305345547
347532365272186901
348591557961580546
349586699472338960
350097753574998018
352277828722622476
352626477579370507
354175642146963458
356879697948442624
357327800572706817
357348723371802637
358272066010742786
358652086101213184
358663405776666624
361622712088788994
363165794013675520
363435465774202891
364450890599497728
365643845456625674
365695576555388928
366788397727088641
366997952029523978
367983402185654272
369243579995914252
369305062545293314
371067690091282443
372223975427932160
372234792139227136
372559049734225931
374295741574938634
375913560594972672
378345889434959872
378622337655898112
379442827899305985
379456045702971403
380069365757771776
380972523040407553
381703006653120513
381905443745693696
383832955115798528
383956882848481280
384245178824916995
388770386570903563
388799401973514250
388800167165427723
390499454882676738
393526454962487316
393624075144134665
398653642225352704
398723961816612875
399792080282583051
400036577130184704
401468168138391554
405552481423196160
406326917512429581
406566985602957322
409862420484456448
413839640244649985
413846174806573057
416906446010318848
417791033904988161
417879446796894209
423911134672977922
427667525711691788
438189156649271300
440616409408471062
440741074793791498
444595287059726347
445788199030226964
446469497595887617
446874372532338688
449407733024948225
449411246396276757
449412345207193601
451168974776958987
451169142767353857
451493273673138206
453270859981783050
